27 31
0 30
2 1 0 20
0000000000000000000000000000000
0111110111111111111111111111110
0100010000010000000001010100010
0111011111010111111101011101010
0100010001000100000101010001010
0611111111011101110111110111010
0300000101010000010000000101010
0101110101010111011101110101010
0100010101010101010101010101010
0111110111011111110111011101110
0100010000010000010100000000010
0111110111111101010111110111110
0100000000000101010101010100010
0101111111110101010111010111010
0100010100010101010000010001000
0111111101010111110111011111110
0000000001050000010101000101010
0111121111011111010101010101010
0100010001000001010101010100010
0111060101111101010101110111010
0101010101010001010100000001010
0101010111011111010111111101010
0101010000010100010000010001010
0111110111011401111111011101010
0100010101000100000001010101010
0111111101111111111111010111110
0000000000000000000000000000000
0000000000111111111111111111111
0000000000111111111111111111111
0000000011111111111111111111111
0000000011111111111111111111111
0000000011111111111111111111111
0000000011111111111111111111111
0000000011111111111111111111111
0000000011111111111111111111111
0000111111111111111111111111111
0000111111111111111111111111111
0000111111111111111111111111111
0000111111111111111111111111111
0000111111111111111111111111111
0000111111111111111111111111111
0011111111111111111111111111111
0011111110111111111111111111111
0011111110111111111111111111111
0011111110111111111111111111111
0011111110111111111111111111111
0011111110000011111110111111111
1111111111111011111111111111111
1111111111111011111111111111111
1111111111111111111111111111111
1111111111111111111111111111111
1111111111111111111111111111111
1111111111111111111111111111111
1111111111111111111111111111111
0000000000000000000000000000000
0000000000000000000000000111110
0000000000000000000000000100010
0000000000000111111100011100010
0000000000000100000100010000010
0000000000011100000111110111010
0000000000010000000000000101010
0000000000010000000001110101010
0000000000010000010001010101010
0000000000011111110111011101110
0000000000010000000100000000000
0000000111111100000101110000000
0000000000000100000101010000000
0000000000000100000111010000000
0000000000000100000000010000000
0000000000000111110000011111110
0000000000000000010000000100010
0000010000000000010000000100010
0000010000000000010000000100010
0000010000000000010000000000010
0000010000000000010000000000010
0000010000000000010000000000010
0000010000000000010000000000010
0001110111000000011111000000010
0000010101000000000001000000010
0000011101111111111111000111110
0000000000000000000000000000000
5 1
-1 -1
1 25
9 17
9 17
0 15
19 5
19 5
1 25
